[1, 10, 32, 20, 0.05, 0.4, 316571.96968180034]
[1, 10, 32, 20, 0.05, 0.8, 53778.16025514864]
[1, 10, 32, 20, 0.05, 1.0, 41543.625433122565]
[1, 10, 32, 20, 0.1, 0.4, 188602.198375934]
[1, 10, 32, 20, 0.1, 0.8, 42107.53804411068]
[1, 10, 32, 20, 0.1, 1.0, 41546.29363894137]
[1, 10, 32, 20, 0.2, 0.4, 147891.58176834165]
[1, 10, 32, 20, 0.2, 0.8, 42369.08551401782]
[1, 10, 32, 20, 0.2, 1.0, 41547.190728324196]
[1, 10, 32, 25, 0.05, 0.4, 237900.8388279116]
[1, 10, 32, 25, 0.05, 0.8, 49743.46639238412]
[1, 10, 32, 25, 0.05, 1.0, 41544.53542450277]
[1, 10, 32, 25, 0.1, 0.4, 130263.61810243464]
[1, 10, 32, 25, 0.1, 0.8, 41501.3102564411]
[1, 10, 32, 25, 0.1, 1.0, 41546.66480689716]
[1, 10, 32, 25, 0.2, 0.4, 114356.06963611723]
[1, 10, 32, 25, 0.2, 0.8, 42353.68853306269]
[1, 10, 32, 25, 0.2, 1.0, 41547.19302784026]
[1, 10, 32, 30, 0.05, 0.4, 202093.97293282195]
[1, 10, 32, 30, 0.05, 0.8, 45748.791491824384]
[1, 10, 32, 30, 0.05, 1.0, 41545.39206956075]
[1, 10, 32, 30, 0.1, 0.4, 113275.11621703066]
[1, 10, 32, 30, 0.1, 0.8, 40943.27775059762]
[1, 10, 32, 30, 0.1, 1.0, 41546.79026279926]
[1, 10, 32, 30, 0.2, 0.4, 111795.08191034057]
[1, 10, 32, 30, 0.2, 0.8, 42349.779666652925]
[1, 10, 32, 30, 0.2, 1.0, 41547.193235227904]
[2, 10, 32, 20, 0.05, 0.4, 606825.0387042272]
[2, 10, 32, 20, 0.05, 0.8, 163524.00383250156]
[2, 10, 32, 20, 0.05, 1.0, 117288.76230716814]
[2, 10, 32, 20, 0.1, 0.4, 457648.6008146065]
[2, 10, 32, 20, 0.1, 0.8, 140118.85968359225]
[2, 10, 32, 20, 0.1, 1.0, 75446.6756869732]
[2, 10, 32, 20, 0.2, 0.4, 383598.0581312478]
[2, 10, 32, 20, 0.2, 0.8, 144227.97240530516]
[2, 10, 32, 20, 0.2, 1.0, 66831.23547367915]
[2, 10, 32, 25, 0.05, 0.4, 519386.52514666924]
[2, 10, 32, 25, 0.05, 0.8, 146728.0714501482]
[2, 10, 32, 25, 0.05, 1.0, 98510.58189213029]
[2, 10, 32, 25, 0.1, 0.4, 382198.67596965807]
[2, 10, 32, 25, 0.1, 0.8, 132426.06974969333]
[2, 10, 32, 25, 0.1, 1.0, 66986.20825777945]
[2, 10, 32, 25, 0.2, 0.4, 330757.36013417674]
[2, 10, 32, 25, 0.2, 0.8, 136327.2529117147]
[2, 10, 32, 25, 0.2, 1.0, 65162.238714120875]
[2, 10, 32, 30, 0.05, 0.4, 498199.13623399107]
[2, 10, 32, 30, 0.05, 0.8, 126645.65041716308]
[2, 10, 32, 30, 0.05, 1.0, 82778.70417399988]
[2, 10, 32, 30, 0.1, 0.4, 347588.9684596198]
[2, 10, 32, 30, 0.1, 0.8, 124192.82345418069]
[2, 10, 32, 30, 0.1, 1.0, 63680.60297714592]
[2, 10, 32, 30, 0.2, 0.4, 299401.5298615451]
[2, 10, 32, 30, 0.2, 0.8, 133611.5972643046]
[2, 10, 32, 30, 0.2, 1.0, 64858.035637667]
[3, 10, 32, 20, 0.05, 0.4, 574989.9439038775]
[3, 10, 32, 20, 0.05, 0.8, 392807.4624618669]
[3, 10, 32, 20, 0.05, 1.0, 466225.52863281086]
[3, 10, 32, 20, 0.1, 0.4, 481361.0944958579]
[3, 10, 32, 20, 0.1, 0.8, 286990.09473632276]
[3, 10, 32, 20, 0.1, 1.0, 389659.00043381995]
[3, 10, 32, 20, 0.2, 0.4, 469081.4000109175]
[3, 10, 32, 20, 0.2, 0.8, 192484.52851690797]
[3, 10, 32, 20, 0.2, 1.0, 322844.9031094336]
[3, 10, 32, 25, 0.05, 0.4, 535561.9269008104]
[3, 10, 32, 25, 0.05, 0.8, 367199.55037863506]
[3, 10, 32, 25, 0.05, 1.0, 437684.698111893]
[3, 10, 32, 25, 0.1, 0.4, 437352.2479263273]
[3, 10, 32, 25, 0.1, 0.8, 260120.8964601626]
[3, 10, 32, 25, 0.1, 1.0, 375689.6044785625]
[3, 10, 32, 25, 0.2, 0.4, 386537.83055602654]
[3, 10, 32, 25, 0.2, 0.8, 162065.53803587318]
[3, 10, 32, 25, 0.2, 1.0, 324846.9277730422]
[3, 10, 32, 30, 0.05, 0.4, 518674.01615180995]
[3, 10, 32, 30, 0.05, 0.8, 347566.25566931936]
[3, 10, 32, 30, 0.05, 1.0, 418847.1203871158]
[3, 10, 32, 30, 0.1, 0.4, 399625.2977811559]
[3, 10, 32, 30, 0.1, 0.8, 245678.8606078205]
[3, 10, 32, 30, 0.1, 1.0, 347649.5120848701]
[3, 10, 32, 30, 0.2, 0.4, 390404.01715734013]
[3, 10, 32, 30, 0.2, 0.8, 164215.96165421535]
[3, 10, 32, 30, 0.2, 1.0, 320558.2391251638]
[1, 10, 34, 20, 0.05, 0.4, 312918.42841307604]
[1, 10, 34, 20, 0.05, 0.8, 134380.03048130835]
[1, 10, 34, 20, 0.05, 1.0, 138161.00862922118]
[1, 10, 34, 20, 0.1, 0.4, 190199.6103586279]
[1, 10, 34, 20, 0.1, 0.8, 135298.86220897496]
[1, 10, 34, 20, 0.1, 1.0, 138163.46342478713]
[1, 10, 34, 20, 0.2, 0.4, 146226.68882584723]
[1, 10, 34, 20, 0.2, 0.8, 136988.82502012828]
[1, 10, 34, 20, 0.2, 1.0, 138164.7354163324]
[1, 10, 34, 25, 0.05, 0.4, 224341.56563241233]
[1, 10, 34, 25, 0.05, 0.8, 132659.87416149286]
[1, 10, 34, 25, 0.05, 1.0, 138163.0246462986]
[1, 10, 34, 25, 0.1, 0.4, 132941.3316559243]
[1, 10, 34, 25, 0.1, 0.8, 134962.1783317042]
[1, 10, 34, 25, 0.1, 1.0, 138163.6268861181]
[1, 10, 34, 25, 0.2, 0.4, 123009.22699464225]
[1, 10, 34, 25, 0.2, 0.8, 136985.94292425044]
[1, 10, 34, 25, 0.2, 1.0, 138164.73925592005]
[1, 10, 34, 30, 0.05, 0.4, 190498.18444213245]
[1, 10, 34, 30, 0.05, 0.8, 132995.66124166342]
[1, 10, 34, 30, 0.05, 1.0, 138164.09791021675]
[1, 10, 34, 30, 0.1, 0.4, 116607.48755353155]
[1, 10, 34, 30, 0.1, 0.8, 135153.03580035435]
[1, 10, 34, 30, 0.1, 1.0, 138163.7086432628]
[1, 10, 34, 30, 0.2, 0.4, 117265.7179336503]
[1, 10, 34, 30, 0.2, 0.8, 136986.12223288577]
[1, 10, 34, 30, 0.2, 1.0, 138164.73977968347]
[2, 10, 34, 20, 0.05, 0.4, 594931.5570029021]
[2, 10, 34, 20, 0.05, 0.8, 165845.42514068625]
[2, 10, 34, 20, 0.05, 1.0, 122409.22978497914]
[2, 10, 34, 20, 0.1, 0.4, 461820.9615618206]
[2, 10, 34, 20, 0.1, 0.8, 169876.38382689873]
[2, 10, 34, 20, 0.1, 1.0, 94177.77351598389]
[2, 10, 34, 20, 0.2, 0.4, 356114.9089190507]
[2, 10, 34, 20, 0.2, 0.8, 129258.19788384321]
[2, 10, 34, 20, 0.2, 1.0, 85967.97629107344]
[2, 10, 34, 25, 0.05, 0.4, 509707.5889765146]
[2, 10, 34, 25, 0.05, 0.8, 151032.91180044424]
[2, 10, 34, 25, 0.05, 1.0, 106812.31843964156]
[2, 10, 34, 25, 0.1, 0.4, 387331.48107581737]
[2, 10, 34, 25, 0.1, 0.8, 164780.9541422628]
[2, 10, 34, 25, 0.1, 1.0, 95076.73197134203]
[2, 10, 34, 25, 0.2, 0.4, 253236.16267540367]
[2, 10, 34, 25, 0.2, 0.8, 124348.77972253037]
[2, 10, 34, 25, 0.2, 1.0, 87003.50739444984]
[2, 10, 34, 30, 0.05, 0.4, 474358.91692818137]
[2, 10, 34, 30, 0.05, 0.8, 140387.98447716807]
[2, 10, 34, 30, 0.05, 1.0, 99013.1090133567]
[2, 10, 34, 30, 0.1, 0.4, 361959.0261148137]
[2, 10, 34, 30, 0.1, 0.8, 155567.22411367163]
[2, 10, 34, 30, 0.1, 1.0, 96961.51000940234]
[2, 10, 34, 30, 0.2, 0.4, 252764.74989347605]
[2, 10, 34, 30, 0.2, 0.8, 122147.5435820861]
[2, 10, 34, 30, 0.2, 1.0, 87022.31125330632]
[3, 10, 34, 20, 0.05, 0.4, 566502.0067213813]
[3, 10, 34, 20, 0.05, 0.8, 394231.52080034994]
[3, 10, 34, 20, 0.05, 1.0, 459713.831546689]
[3, 10, 34, 20, 0.1, 0.4, 468291.27849787526]
[3, 10, 34, 20, 0.1, 0.8, 283020.5159487293]
[3, 10, 34, 20, 0.1, 1.0, 398838.32884498837]
[3, 10, 34, 20, 0.2, 0.4, 388551.0499984728]
[3, 10, 34, 20, 0.2, 0.8, 195716.47943940436]
[3, 10, 34, 20, 0.2, 1.0, 369012.50597606617]
[3, 10, 34, 25, 0.05, 0.4, 529028.4587488961]
[3, 10, 34, 25, 0.05, 0.8, 367868.26382095995]
[3, 10, 34, 25, 0.05, 1.0, 434228.03401051165]
[3, 10, 34, 25, 0.1, 0.4, 428356.89918411995]
[3, 10, 34, 25, 0.1, 0.8, 254524.22519276728]
[3, 10, 34, 25, 0.1, 1.0, 394401.92406554875]
[3, 10, 34, 25, 0.2, 0.4, 324325.27637234714]
[3, 10, 34, 25, 0.2, 0.8, 181933.30541659342]
[3, 10, 34, 25, 0.2, 1.0, 368208.1588023292]
[3, 10, 34, 30, 0.05, 0.4, 513683.663979318]
[3, 10, 34, 30, 0.05, 0.8, 348229.39363744995]
[3, 10, 34, 30, 0.05, 1.0, 419581.5315968923]
[3, 10, 34, 30, 0.1, 0.4, 417972.97383320885]
[3, 10, 34, 30, 0.1, 0.8, 233183.92096892194]
[3, 10, 34, 30, 0.1, 1.0, 388165.57317545154]
[3, 10, 34, 30, 0.2, 0.4, 325970.21545124875]
[3, 10, 34, 30, 0.2, 0.8, 161098.9306100559]
[3, 10, 34, 30, 0.2, 1.0, 366387.8488385822]
[1, 10, 36, 20, 0.05, 0.4, 282659.48814807]
[1, 10, 36, 20, 0.05, 0.8, 121285.15438753007]
[1, 10, 36, 20, 0.05, 1.0, 37922.01865846221]
[1, 10, 36, 20, 0.1, 0.4, 129133.78763509751]
[1, 10, 36, 20, 0.1, 0.8, 116596.18068161729]
[1, 10, 36, 20, 0.1, 1.0, 37927.53504715406]
[1, 10, 36, 20, 0.2, 0.4, 68889.72159025469]
[1, 10, 36, 20, 0.2, 0.8, 115671.48632514657]
[1, 10, 36, 20, 0.2, 1.0, 37922.31146683183]
[1, 10, 36, 25, 0.05, 0.4, 210256.70726036414]
[1, 10, 36, 25, 0.05, 0.8, 116411.03175326841]
[1, 10, 36, 25, 0.05, 1.0, 37921.11481788366]
[1, 10, 36, 25, 0.1, 0.4, 90702.268620725]
[1, 10, 36, 25, 0.1, 0.8, 115869.63627688776]
[1, 10, 36, 25, 0.1, 1.0, 37927.84040101125]
[1, 10, 36, 25, 0.2, 0.4, 60409.61398196472]
[1, 10, 36, 25, 0.2, 0.8, 115678.24647934367]
[1, 10, 36, 25, 0.2, 1.0, 37922.30121673601]
[1, 10, 36, 30, 0.05, 0.4, 164436.8702136186]
[1, 10, 36, 30, 0.05, 0.8, 112497.81027545259]
[1, 10, 36, 30, 0.05, 1.0, 37921.398005256306]
[1, 10, 36, 30, 0.1, 0.4, 63238.857170284566]
[1, 10, 36, 30, 0.1, 0.8, 115816.68397239615]
[1, 10, 36, 30, 0.1, 1.0, 37927.853599555056]
[1, 10, 36, 30, 0.2, 0.4, 59715.02456051161]
[1, 10, 36, 30, 0.2, 0.8, 115687.07595808615]
[1, 10, 36, 30, 0.2, 1.0, 37922.29790697094]
[2, 10, 36, 20, 0.05, 0.4, 615700.6902187659]
[2, 10, 36, 20, 0.05, 0.8, 272167.69153201114]
[2, 10, 36, 20, 0.05, 1.0, 114062.60514875028]
[2, 10, 36, 20, 0.1, 0.4, 492197.590851807]
[2, 10, 36, 20, 0.1, 0.8, 174810.6859121006]
[2, 10, 36, 20, 0.1, 1.0, 79065.91116682727]
[2, 10, 36, 20, 0.2, 0.4, 447684.0785072903]
[2, 10, 36, 20, 0.2, 0.8, 77651.23874205087]
[2, 10, 36, 20, 0.2, 1.0, 45207.108908609596]
[2, 10, 36, 25, 0.05, 0.4, 533003.3304466214]
[2, 10, 36, 25, 0.05, 0.8, 229982.71312404855]
[2, 10, 36, 25, 0.05, 1.0, 93311.19701376099]
[2, 10, 36, 25, 0.1, 0.4, 404464.65550456126]
[2, 10, 36, 25, 0.1, 0.8, 127252.59753479899]
[2, 10, 36, 25, 0.1, 1.0, 73304.95747598568]
[2, 10, 36, 25, 0.2, 0.4, 343994.0812808207]
[2, 10, 36, 25, 0.2, 0.8, 67420.871361009]
[2, 10, 36, 25, 0.2, 1.0, 45435.82047854305]
[2, 10, 36, 30, 0.05, 0.4, 517673.7375656139]
[2, 10, 36, 30, 0.05, 0.8, 211063.80751332818]
[2, 10, 36, 30, 0.05, 1.0, 78641.09824024582]
[2, 10, 36, 30, 0.1, 0.4, 391179.00710873504]
[2, 10, 36, 30, 0.1, 0.8, 125570.49062709916]
[2, 10, 36, 30, 0.1, 1.0, 68528.45294845146]
[2, 10, 36, 30, 0.2, 0.4, 345157.4933342601]
[2, 10, 36, 30, 0.2, 0.8, 67979.44225572309]
[2, 10, 36, 30, 0.2, 1.0, 46005.47448423987]
[3, 10, 36, 20, 0.05, 0.4, 569653.9977059652]
[3, 10, 36, 20, 0.05, 0.8, 432973.36586242734]
[3, 10, 36, 20, 0.05, 1.0, 411232.1092620548]
[3, 10, 36, 20, 0.1, 0.4, 497863.1116139554]
[3, 10, 36, 20, 0.1, 0.8, 335201.26696183207]
[3, 10, 36, 20, 0.1, 1.0, 342485.70683761704]
[3, 10, 36, 20, 0.2, 0.4, 372532.05870443146]
[3, 10, 36, 20, 0.2, 0.8, 245015.04426920775]
[3, 10, 36, 20, 0.2, 1.0, 208041.3964793158]
[3, 10, 36, 25, 0.05, 0.4, 537384.0080256301]
[3, 10, 36, 25, 0.05, 0.8, 407542.64361379616]
[3, 10, 36, 25, 0.05, 1.0, 390982.79954643495]
[3, 10, 36, 25, 0.1, 0.4, 463152.70440546644]
[3, 10, 36, 25, 0.1, 0.8, 285882.99889960134]
[3, 10, 36, 25, 0.1, 1.0, 321549.576438179]
[3, 10, 36, 25, 0.2, 0.4, 360824.12119615794]
[3, 10, 36, 25, 0.2, 0.8, 196006.86205113496]
[3, 10, 36, 25, 0.2, 1.0, 164900.7039708975]
[3, 10, 36, 30, 0.05, 0.4, 518052.87309855997]
[3, 10, 36, 30, 0.05, 0.8, 382467.3094483468]
[3, 10, 36, 30, 0.05, 1.0, 372237.52995579236]
[3, 10, 36, 30, 0.1, 0.4, 436175.72848528705]
[3, 10, 36, 30, 0.1, 0.8, 272052.5696730339]
[3, 10, 36, 30, 0.1, 1.0, 265902.0380673628]
[3, 10, 36, 30, 0.2, 0.4, 296810.79707070434]
[3, 10, 36, 30, 0.2, 0.8, 165425.94111785444]
[3, 10, 36, 30, 0.2, 1.0, 140312.46538033077]
[1, 20, 32, 20, 0.05, 0.4, 316312.7294805951]
[1, 20, 32, 20, 0.05, 0.8, 53446.43246800628]
[1, 20, 32, 20, 0.05, 1.0, 41730.93141165072]
[1, 20, 32, 20, 0.1, 0.4, 188599.99207058607]
[1, 20, 32, 20, 0.1, 0.8, 42298.1182611962]
[1, 20, 32, 20, 0.1, 1.0, 41730.93141165072]
[1, 20, 32, 20, 0.2, 0.4, 132238.88615849588]
[1, 20, 32, 20, 0.2, 0.8, 41776.56451832594]
[1, 20, 32, 20, 0.2, 1.0, 41730.93141165072]
[1, 20, 32, 25, 0.05, 0.4, 224098.4764427818]
[1, 20, 32, 25, 0.05, 0.8, 49552.08928250313]
[1, 20, 32, 25, 0.05, 1.0, 41730.93141165072]
[1, 20, 32, 25, 0.1, 0.4, 130588.89600076535]
[1, 20, 32, 25, 0.1, 0.8, 41702.06699269496]
[1, 20, 32, 25, 0.1, 1.0, 41730.93141165072]
[1, 20, 32, 25, 0.2, 0.4, 106593.49617486562]
[1, 20, 32, 25, 0.2, 0.8, 41767.94155833682]
[1, 20, 32, 25, 0.2, 1.0, 41730.93141165072]
[1, 20, 32, 30, 0.05, 0.4, 185907.12245743792]
[1, 20, 32, 30, 0.05, 0.8, 45708.89449716947]
[1, 20, 32, 30, 0.05, 1.0, 41730.93141165072]
[1, 20, 32, 30, 0.1, 0.4, 111339.33318446692]
[1, 20, 32, 30, 0.1, 0.8, 41216.14878496446]
[1, 20, 32, 30, 0.1, 1.0, 41730.93141165072]
[1, 20, 32, 30, 0.2, 0.4, 100639.0031972993]
[1, 20, 32, 30, 0.2, 0.8, 41765.928863606874]
[1, 20, 32, 30, 0.2, 1.0, 41730.93141165072]
[2, 20, 32, 20, 0.05, 0.4, 606851.492004539]
[2, 20, 32, 20, 0.05, 0.8, 166329.36270209897]
[2, 20, 32, 20, 0.05, 1.0, 118648.84124698238]
[2, 20, 32, 20, 0.1, 0.4, 457449.2772105887]
[2, 20, 32, 20, 0.1, 0.8, 132125.6662549377]
[2, 20, 32, 20, 0.1, 1.0, 70902.20416304596]
[2, 20, 32, 20, 0.2, 0.4, 400120.3104606069]
[2, 20, 32, 20, 0.2, 0.8, 124496.10268840168]
[2, 20, 32, 20, 0.2, 1.0, 62060.23178253914]
[2, 20, 32, 25, 0.05, 0.4, 519490.1254060713]
[2, 20, 32, 25, 0.05, 0.8, 149468.1058557363]
[2, 20, 32, 25, 0.05, 1.0, 98614.29908931542]
[2, 20, 32, 25, 0.1, 0.4, 381396.654483845]
[2, 20, 32, 25, 0.1, 0.8, 120980.63962097453]
[2, 20, 32, 25, 0.1, 1.0, 65798.85266484776]
[2, 20, 32, 25, 0.2, 0.4, 344859.49054590095]
[2, 20, 32, 25, 0.2, 0.8, 121846.78573025891]
[2, 20, 32, 25, 0.2, 1.0, 62010.01972380241]
[2, 20, 32, 30, 0.05, 0.4, 498299.38418853685]
[2, 20, 32, 30, 0.05, 0.8, 136854.4690020669]
[2, 20, 32, 30, 0.05, 1.0, 82767.33499689736]
[2, 20, 32, 30, 0.1, 0.4, 347442.67106667877]
[2, 20, 32, 30, 0.1, 0.8, 112576.35229809325]
[2, 20, 32, 30, 0.1, 1.0, 60791.81812633568]
[2, 20, 32, 30, 0.2, 0.4, 314866.693830854]
[2, 20, 32, 30, 0.2, 0.8, 120313.23733104837]
[2, 20, 32, 30, 0.2, 1.0, 62204.39684827194]
[3, 20, 32, 20, 0.05, 0.4, 574991.8771084097]
[3, 20, 32, 20, 0.05, 0.8, 390432.89714448]
[3, 20, 32, 20, 0.05, 1.0, 466242.2175354676]
[3, 20, 32, 20, 0.1, 0.4, 491650.98368887074]
[3, 20, 32, 20, 0.1, 0.8, 287007.87686193176]
[3, 20, 32, 20, 0.1, 1.0, 389703.2295695995]
[3, 20, 32, 20, 0.2, 0.4, 432374.29323995346]
[3, 20, 32, 20, 0.2, 0.8, 192496.31315871002]
[3, 20, 32, 20, 0.2, 1.0, 322998.0630547057]
[3, 20, 32, 25, 0.05, 0.4, 535537.9189679739]
[3, 20, 32, 25, 0.05, 0.8, 364731.1262147961]
[3, 20, 32, 25, 0.05, 1.0, 437726.8718031375]
[3, 20, 32, 25, 0.1, 0.4, 445030.7022261868]
[3, 20, 32, 25, 0.1, 0.8, 260258.25603766527]
[3, 20, 32, 25, 0.1, 1.0, 375737.9479920985]
[3, 20, 32, 25, 0.2, 0.4, 370678.4272860689]
[3, 20, 32, 25, 0.2, 0.8, 162069.9733458688]
[3, 20, 32, 25, 0.2, 1.0, 324894.8524616717]
[3, 20, 32, 30, 0.05, 0.4, 518635.34066272754]
[3, 20, 32, 30, 0.05, 0.8, 343103.3788156423]
[3, 20, 32, 30, 0.05, 1.0, 418890.43977359566]
[3, 20, 32, 30, 0.1, 0.4, 410788.6386282577]
[3, 20, 32, 30, 0.1, 0.8, 245767.77730841242]
[3, 20, 32, 30, 0.1, 1.0, 347682.4639545488]
[3, 20, 32, 30, 0.2, 0.4, 360654.2281358821]
[3, 20, 32, 30, 0.2, 0.8, 155580.65757239686]
[3, 20, 32, 30, 0.2, 1.0, 324566.14731528796]
[1, 20, 34, 20, 0.05, 0.4, 312771.1175237101]
[1, 20, 34, 20, 0.05, 0.8, 134790.8124279649]
[1, 20, 34, 20, 0.05, 1.0, 138100.3544009204]
[1, 20, 34, 20, 0.1, 0.4, 188003.8419027301]
[1, 20, 34, 20, 0.1, 0.8, 135754.44819407567]
[1, 20, 34, 20, 0.1, 1.0, 138100.3544009204]
[1, 20, 34, 20, 0.2, 0.4, 138925.23325121583]
[1, 20, 34, 20, 0.2, 0.8, 137074.58179395282]
[1, 20, 34, 20, 0.2, 1.0, 138100.3544009204]
[1, 20, 34, 25, 0.05, 0.4, 224350.28891805085]
[1, 20, 34, 25, 0.05, 0.8, 133089.32883425002]
[1, 20, 34, 25, 0.05, 1.0, 138100.3544009204]
[1, 20, 34, 25, 0.1, 0.4, 148000.32056941962]
[1, 20, 34, 25, 0.1, 0.8, 135461.64117065832]
[1, 20, 34, 25, 0.1, 1.0, 138100.3544009204]
[1, 20, 34, 25, 0.2, 0.4, 110266.38260728164]
[1, 20, 34, 25, 0.2, 0.8, 137076.69964403895]
[1, 20, 34, 25, 0.2, 1.0, 138100.3544009204]
[1, 20, 34, 30, 0.05, 0.4, 189895.49293675277]
[1, 20, 34, 30, 0.05, 0.8, 133380.25914797263]
[1, 20, 34, 30, 0.05, 1.0, 138100.3544009204]
[1, 20, 34, 30, 0.1, 0.4, 131839.06037249742]
[1, 20, 34, 30, 0.1, 0.8, 135608.30074022702]
[1, 20, 34, 30, 0.1, 1.0, 138100.3544009204]
[1, 20, 34, 30, 0.2, 0.4, 102678.0045172757]
[1, 20, 34, 30, 0.2, 0.8, 137076.72170961509]
[1, 20, 34, 30, 0.2, 1.0, 138100.3544009204]
[2, 20, 34, 20, 0.05, 0.4, 594927.8725632906]
[2, 20, 34, 20, 0.05, 0.8, 166906.6315946612]
[2, 20, 34, 20, 0.05, 1.0, 125004.82129347602]
[2, 20, 34, 20, 0.1, 0.4, 462776.58986685367]
[2, 20, 34, 20, 0.1, 0.8, 169106.0720142748]
[2, 20, 34, 20, 0.1, 1.0, 97451.34686766224]
[2, 20, 34, 20, 0.2, 0.4, 350468.5737706045]
[2, 20, 34, 20, 0.2, 0.8, 117999.0621485373]
[2, 20, 34, 20, 0.2, 1.0, 85784.91101333528]
[2, 20, 34, 25, 0.05, 0.4, 509723.07645211765]
[2, 20, 34, 25, 0.05, 0.8, 153655.27754927374]
[2, 20, 34, 25, 0.05, 1.0, 109286.59090553377]
[2, 20, 34, 25, 0.1, 0.4, 387969.416903626]
[2, 20, 34, 25, 0.1, 0.8, 161717.42727454373]
[2, 20, 34, 25, 0.1, 1.0, 99464.56159695679]
[2, 20, 34, 25, 0.2, 0.4, 252824.39816839204]
[2, 20, 34, 25, 0.2, 0.8, 113376.47346887257]
[2, 20, 34, 25, 0.2, 1.0, 85721.91979468534]
[2, 20, 34, 30, 0.05, 0.4, 474385.0651795365]
[2, 20, 34, 30, 0.05, 0.8, 144065.49480937922]
[2, 20, 34, 30, 0.05, 1.0, 101251.85469928019]
[2, 20, 34, 30, 0.1, 0.4, 358684.36559313384]
[2, 20, 34, 30, 0.1, 0.8, 155151.9964777071]
[2, 20, 34, 30, 0.1, 1.0, 99306.99262686611]
[2, 20, 34, 30, 0.2, 0.4, 250586.34388465376]
[2, 20, 34, 30, 0.2, 0.8, 113037.79486569311]
[2, 20, 34, 30, 0.2, 1.0, 85531.31764215192]
[3, 20, 34, 20, 0.05, 0.4, 566506.4322559851]
[3, 20, 34, 20, 0.05, 0.8, 394006.7855932004]
[3, 20, 34, 20, 0.05, 1.0, 459703.48550866515]
[3, 20, 34, 20, 0.1, 0.4, 468276.20200562506]
[3, 20, 34, 20, 0.1, 0.8, 283032.2171698071]
[3, 20, 34, 20, 0.1, 1.0, 399396.5569032489]
[3, 20, 34, 20, 0.2, 0.4, 387709.679680251]
[3, 20, 34, 20, 0.2, 0.8, 200597.65410390683]
[3, 20, 34, 20, 0.2, 1.0, 369661.2892222433]
[3, 20, 34, 25, 0.05, 0.4, 529025.6358958974]
[3, 20, 34, 25, 0.05, 0.8, 367678.72923038004]
[3, 20, 34, 25, 0.05, 1.0, 434224.4425544119]
[3, 20, 34, 25, 0.1, 0.4, 428349.7423763678]
[3, 20, 34, 25, 0.1, 0.8, 254484.61745372694]
[3, 20, 34, 25, 0.1, 1.0, 395108.36906202964]
[3, 20, 34, 25, 0.2, 0.4, 324481.5931684063]
[3, 20, 34, 25, 0.2, 0.8, 177257.33780406215]
[3, 20, 34, 25, 0.2, 1.0, 366693.34909510927]
[3, 20, 34, 30, 0.05, 0.4, 513692.9645555342]
[3, 20, 34, 30, 0.05, 0.8, 348087.6718215016]
[3, 20, 34, 30, 0.05, 1.0, 419584.8418878574]
[3, 20, 34, 30, 0.1, 0.4, 418279.53063368547]
[3, 20, 34, 30, 0.1, 0.8, 233055.04690931537]
[3, 20, 34, 30, 0.1, 1.0, 388884.7142806234]
[3, 20, 34, 30, 0.2, 0.4, 325592.35567323]
[3, 20, 34, 30, 0.2, 0.8, 166605.98108728736]
[3, 20, 34, 30, 0.2, 1.0, 358828.6636023709]
[1, 20, 36, 20, 0.05, 0.4, 283252.9478388961]
[1, 20, 36, 20, 0.05, 0.8, 121285.69324846043]
[1, 20, 36, 20, 0.05, 1.0, 37946.81295950727]
[1, 20, 36, 20, 0.1, 0.4, 165632.46071568248]
[1, 20, 36, 20, 0.1, 0.8, 116343.8212786157]
[1, 20, 36, 20, 0.1, 1.0, 37946.81295950727]
[1, 20, 36, 20, 0.2, 0.4, 75679.5802017955]
[1, 20, 36, 20, 0.2, 0.8, 115560.51635968495]
[1, 20, 36, 20, 0.2, 1.0, 37946.81295950727]
[1, 20, 36, 25, 0.05, 0.4, 216310.0388247077]
[1, 20, 36, 25, 0.05, 0.8, 116368.15685960981]
[1, 20, 36, 25, 0.05, 1.0, 37946.81295950727]
[1, 20, 36, 25, 0.1, 0.4, 115742.23497581297]
[1, 20, 36, 25, 0.1, 0.8, 115628.83132438586]
[1, 20, 36, 25, 0.1, 1.0, 37946.81295950727]
[1, 20, 36, 25, 0.2, 0.4, 66172.3340061349]
[1, 20, 36, 25, 0.2, 0.8, 115576.42066991323]
[1, 20, 36, 25, 0.2, 1.0, 37946.81295950727]
[1, 20, 36, 30, 0.05, 0.4, 175102.88576620718]
[1, 20, 36, 30, 0.05, 0.8, 113044.18086834246]
[1, 20, 36, 30, 0.05, 1.0, 37946.81295950727]
[1, 20, 36, 30, 0.1, 0.4, 92966.03739240098]
[1, 20, 36, 30, 0.1, 0.8, 115566.20260621724]
[1, 20, 36, 30, 0.1, 1.0, 37946.81295950727]
[1, 20, 36, 30, 0.2, 0.4, 63652.19395606347]
[1, 20, 36, 30, 0.2, 0.8, 115585.47757397282]
[1, 20, 36, 30, 0.2, 1.0, 37946.81295950727]
[2, 20, 36, 20, 0.05, 0.4, 616177.1350412999]
[2, 20, 36, 20, 0.05, 0.8, 272192.1257297574]
[2, 20, 36, 20, 0.05, 1.0, 114035.30958906031]
[2, 20, 36, 20, 0.1, 0.4, 492277.93014755857]
[2, 20, 36, 20, 0.1, 0.8, 174636.54250388994]
[2, 20, 36, 20, 0.1, 1.0, 78918.17317208234]
[2, 20, 36, 20, 0.2, 0.4, 447704.36746859446]
[2, 20, 36, 20, 0.2, 0.8, 76697.76397637845]
[2, 20, 36, 20, 0.2, 1.0, 53958.6869529114]
[2, 20, 36, 25, 0.05, 0.4, 533224.3153752846]
[2, 20, 36, 25, 0.05, 0.8, 229991.80779843638]
[2, 20, 36, 25, 0.05, 1.0, 93263.25430358369]
[2, 20, 36, 25, 0.1, 0.4, 404198.5397033546]
[2, 20, 36, 25, 0.1, 0.8, 127008.64642075509]
[2, 20, 36, 25, 0.1, 1.0, 73096.34237541519]
[2, 20, 36, 25, 0.2, 0.4, 331298.606456052]
[2, 20, 36, 25, 0.2, 0.8, 68217.78207276041]
[2, 20, 36, 25, 0.2, 1.0, 55134.69363438547]
[2, 20, 36, 30, 0.05, 0.4, 517271.82110314333]
[2, 20, 36, 30, 0.05, 0.8, 211087.33015457468]
[2, 20, 36, 30, 0.05, 1.0, 78550.55577420321]
[2, 20, 36, 30, 0.1, 0.4, 395316.0142594625]
[2, 20, 36, 30, 0.1, 0.8, 125553.3273793001]
[2, 20, 36, 30, 0.1, 1.0, 68286.86912419503]
[2, 20, 36, 30, 0.2, 0.4, 336619.863587189]
[2, 20, 36, 30, 0.2, 0.8, 63119.54905110069]
[2, 20, 36, 30, 0.2, 1.0, 55509.79941997296]
[3, 20, 36, 20, 0.05, 0.4, 569624.1767755293]
[3, 20, 36, 20, 0.05, 0.8, 432961.1122336277]
[3, 20, 36, 20, 0.05, 1.0, 411212.35882889584]
[3, 20, 36, 20, 0.1, 0.4, 498279.2028701573]
[3, 20, 36, 20, 0.1, 0.8, 334740.18677287456]
[3, 20, 36, 20, 0.1, 1.0, 342544.4141171017]
[3, 20, 36, 20, 0.2, 0.4, 373120.8920214647]
[3, 20, 36, 20, 0.2, 0.8, 249207.16600519762]
[3, 20, 36, 20, 0.2, 1.0, 206135.76640873216]
[3, 20, 36, 25, 0.05, 0.4, 537335.6055727974]
[3, 20, 36, 25, 0.05, 0.8, 407536.63385355345]
[3, 20, 36, 25, 0.05, 1.0, 390999.57843525376]
[3, 20, 36, 25, 0.1, 0.4, 463292.25864311296]
[3, 20, 36, 25, 0.1, 0.8, 285977.62444688036]
[3, 20, 36, 25, 0.1, 1.0, 321599.0903910288]
[3, 20, 36, 25, 0.2, 0.4, 364564.50146458705]
[3, 20, 36, 25, 0.2, 0.8, 196599.96955187942]
[3, 20, 36, 25, 0.2, 1.0, 161915.38231991854]
[3, 20, 36, 30, 0.05, 0.4, 517980.63231109484]
[3, 20, 36, 30, 0.05, 0.8, 382463.5694785718]
[3, 20, 36, 30, 0.05, 1.0, 372251.29312025744]
[3, 20, 36, 30, 0.1, 0.4, 436153.1733772205]
[3, 20, 36, 30, 0.1, 0.8, 272241.51656740124]
[3, 20, 36, 30, 0.1, 1.0, 265943.44296411634]
[3, 20, 36, 30, 0.2, 0.4, 290817.50994979247]
[3, 20, 36, 30, 0.2, 0.8, 164022.16754529014]
[3, 20, 36, 30, 0.2, 1.0, 122930.60245794541]
[1, 30, 32, 20, 0.05, 0.4, 316314.07058727683]
[1, 30, 32, 20, 0.05, 0.8, 53454.21524710744]
[1, 30, 32, 20, 0.05, 1.0, 41730.93141165072]
[1, 30, 32, 20, 0.1, 0.4, 188575.03867031657]
[1, 30, 32, 20, 0.1, 0.8, 42296.968990865804]
[1, 30, 32, 20, 0.1, 1.0, 41730.93141165072]
[1, 30, 32, 20, 0.2, 0.4, 139457.7804208135]
[1, 30, 32, 20, 0.2, 0.8, 41719.32774437105]
[1, 30, 32, 20, 0.2, 1.0, 41730.93141165072]
[1, 30, 32, 25, 0.05, 0.4, 224099.84566577867]
[1, 30, 32, 25, 0.05, 0.8, 49554.38497069179]
[1, 30, 32, 25, 0.05, 1.0, 41730.93141165072]
[1, 30, 32, 25, 0.1, 0.4, 130169.43177685299]
[1, 30, 32, 25, 0.1, 0.8, 41707.29678061051]
[1, 30, 32, 25, 0.1, 1.0, 41730.93141165072]
[1, 30, 32, 25, 0.2, 0.4, 111473.5636840358]
[1, 30, 32, 25, 0.2, 0.8, 41707.55748987872]
[1, 30, 32, 25, 0.2, 1.0, 41730.93141165072]
[1, 30, 32, 30, 0.05, 0.4, 185900.81577303025]
[1, 30, 32, 30, 0.05, 0.8, 45704.457391594435]
[1, 30, 32, 30, 0.05, 1.0, 41730.93141165072]
[1, 30, 32, 30, 0.1, 0.4, 110710.64203871007]
[1, 30, 32, 30, 0.1, 0.8, 41224.617681101576]
[1, 30, 32, 30, 0.1, 1.0, 41730.93141165072]
[1, 30, 32, 30, 0.2, 0.4, 107473.37241156171]
[1, 30, 32, 30, 0.2, 0.8, 41705.02152395531]
[1, 30, 32, 30, 0.2, 1.0, 41730.93141165072]
[2, 30, 32, 20, 0.05, 0.4, 606851.492004539]
[2, 30, 32, 20, 0.05, 0.8, 166330.04527273448]
[2, 30, 32, 20, 0.05, 1.0, 118645.24883510548]
[2, 30, 32, 20, 0.1, 0.4, 457449.2772105887]
[2, 30, 32, 20, 0.1, 0.8, 132128.87769228153]
[2, 30, 32, 20, 0.1, 1.0, 70807.18178974335]
[2, 30, 32, 20, 0.2, 0.4, 400121.1851498476]
[2, 30, 32, 20, 0.2, 0.8, 124555.03001368964]
[2, 30, 32, 20, 0.2, 1.0, 64405.69506077086]
[2, 30, 32, 25, 0.05, 0.4, 519490.1207940781]
[2, 30, 32, 25, 0.05, 0.8, 149455.88945076993]
[2, 30, 32, 25, 0.05, 1.0, 98613.07171412717]
[2, 30, 32, 25, 0.1, 0.4, 381396.654483845]
[2, 30, 32, 25, 0.1, 0.8, 117836.60902852319]
[2, 30, 32, 25, 0.1, 1.0, 64198.48308738686]
[2, 30, 32, 25, 0.2, 0.4, 345084.39975090366]
[2, 30, 32, 25, 0.2, 0.8, 122115.34879512888]
[2, 30, 32, 25, 0.2, 1.0, 64142.98240994797]
[2, 30, 32, 30, 0.05, 0.4, 498299.0338852342]
[2, 30, 32, 30, 0.05, 0.8, 136882.6425500925]
[2, 30, 32, 30, 0.05, 1.0, 82797.05351552473]
[2, 30, 32, 30, 0.1, 0.4, 347442.67106667877]
[2, 30, 32, 30, 0.1, 0.8, 108235.40903315556]
[2, 30, 32, 30, 0.1, 1.0, 60949.662594733934]
[2, 30, 32, 30, 0.2, 0.4, 311837.24430114]
[2, 30, 32, 30, 0.2, 0.8, 120403.76535373589]
[2, 30, 32, 30, 0.2, 1.0, 64182.07496213294]
[3, 30, 32, 20, 0.05, 0.4, 574991.8771084097]
[3, 30, 32, 20, 0.05, 0.8, 390432.86433608975]
[3, 30, 32, 20, 0.05, 1.0, 466240.28392277507]
[3, 30, 32, 20, 0.1, 0.4, 491650.98368887074]
[3, 30, 32, 20, 0.1, 0.8, 287028.42246623704]
[3, 30, 32, 20, 0.1, 1.0, 389778.6863641742]
[3, 30, 32, 20, 0.2, 0.4, 432374.29323995346]
[3, 30, 32, 20, 0.2, 0.8, 192288.3877174543]
[3, 30, 32, 20, 0.2, 1.0, 322216.5284282876]
[3, 30, 32, 25, 0.05, 0.4, 535537.9189679739]
[3, 30, 32, 25, 0.05, 0.8, 364731.08492166124]
[3, 30, 32, 25, 0.05, 1.0, 437720.12976841396]
[3, 30, 32, 25, 0.1, 0.4, 445030.7022261868]
[3, 30, 32, 25, 0.1, 0.8, 260154.12573337837]
[3, 30, 32, 25, 0.1, 1.0, 375817.6549279661]
[3, 30, 32, 25, 0.2, 0.4, 370678.4272860689]
[3, 30, 32, 25, 0.2, 0.8, 161993.4648745003]
[3, 30, 32, 25, 0.2, 1.0, 322819.9383571659]
[3, 30, 32, 30, 0.05, 0.4, 518635.34066272754]
[3, 30, 32, 30, 0.05, 0.8, 343103.2954343349]
[3, 30, 32, 30, 0.05, 1.0, 418882.00924183155]
[3, 30, 32, 30, 0.1, 0.4, 410788.6386282577]
[3, 30, 32, 30, 0.1, 0.8, 245700.70962415842]
[3, 30, 32, 30, 0.1, 1.0, 362000.5154827947]
[3, 30, 32, 30, 0.2, 0.4, 360654.2281358821]
[3, 30, 32, 30, 0.2, 0.8, 155033.0268266479]
[3, 30, 32, 30, 0.2, 1.0, 319508.83386560716]
[1, 30, 34, 20, 0.05, 0.4, 312738.4055886975]
[1, 30, 34, 20, 0.05, 0.8, 134792.08822495228]
[1, 30, 34, 20, 0.05, 1.0, 138100.3544009204]
[1, 30, 34, 20, 0.1, 0.4, 188007.5828849741]
[1, 30, 34, 20, 0.1, 0.8, 135746.8322501103]
[1, 30, 34, 20, 0.1, 1.0, 138100.3544009204]
[1, 30, 34, 20, 0.2, 0.4, 138918.92288874133]
[1, 30, 34, 20, 0.2, 0.8, 137072.50753947019]
[1, 30, 34, 20, 0.2, 1.0, 138100.3544009204]
[1, 30, 34, 25, 0.05, 0.4, 224339.21258845035]
[1, 30, 34, 25, 0.05, 0.8, 133086.38822444694]
[1, 30, 34, 25, 0.05, 1.0, 138100.3544009204]
[1, 30, 34, 25, 0.1, 0.4, 152538.8082680913]
[1, 30, 34, 25, 0.1, 0.8, 136236.7234835579]
[1, 30, 34, 25, 0.1, 1.0, 138100.3544009204]
[1, 30, 34, 25, 0.2, 0.4, 107404.4694872828]
[1, 30, 34, 25, 0.2, 0.8, 137074.70798091384]
[1, 30, 34, 25, 0.2, 1.0, 138100.3544009204]
[1, 30, 34, 30, 0.05, 0.4, 189981.3029395234]
[1, 30, 34, 30, 0.05, 0.8, 133380.66109492225]
[1, 30, 34, 30, 0.05, 1.0, 138100.3544009204]
[1, 30, 34, 30, 0.1, 0.4, 135995.74862144218]
[1, 30, 34, 30, 0.1, 0.8, 136380.51072266742]
[1, 30, 34, 30, 0.1, 1.0, 138100.3544009204]
[1, 30, 34, 30, 0.2, 0.4, 102817.783510485]
[1, 30, 34, 30, 0.2, 0.8, 137074.70578797357]
[1, 30, 34, 30, 0.2, 1.0, 138100.3544009204]
[2, 30, 34, 20, 0.05, 0.4, 594927.8725632906]
[2, 30, 34, 20, 0.05, 0.8, 166906.59139451737]
[2, 30, 34, 20, 0.05, 1.0, 124961.60178939198]
[2, 30, 34, 20, 0.1, 0.4, 462776.58986685367]
[2, 30, 34, 20, 0.1, 0.8, 169077.6124351246]
[2, 30, 34, 20, 0.1, 1.0, 97457.2336305176]
[2, 30, 34, 20, 0.2, 0.4, 350468.5737706045]
[2, 30, 34, 20, 0.2, 0.8, 128892.03057305847]
[2, 30, 34, 20, 0.2, 1.0, 85798.68654131747]
[2, 30, 34, 25, 0.05, 0.4, 509723.0763301479]
[2, 30, 34, 25, 0.05, 0.8, 153651.0566906302]
[2, 30, 34, 25, 0.05, 1.0, 109289.05300883349]
[2, 30, 34, 25, 0.1, 0.4, 387969.4169151735]
[2, 30, 34, 25, 0.1, 0.8, 161675.1052839438]
[2, 30, 34, 25, 0.1, 1.0, 99472.84648141217]
[2, 30, 34, 25, 0.2, 0.4, 252824.39816839204]
[2, 30, 34, 25, 0.2, 0.8, 125480.09942009965]
[2, 30, 34, 25, 0.2, 1.0, 85810.1311099041]
[2, 30, 34, 30, 0.05, 0.4, 474384.1921212556]
[2, 30, 34, 30, 0.05, 0.8, 144047.67263504697]
[2, 30, 34, 30, 0.05, 1.0, 101065.90238757803]
[2, 30, 34, 30, 0.1, 0.4, 358684.50154996844]
[2, 30, 34, 30, 0.1, 0.8, 155100.59538907622]
[2, 30, 34, 30, 0.1, 1.0, 99512.21645577713]
[2, 30, 34, 30, 0.2, 0.4, 250586.34388465376]
[2, 30, 34, 30, 0.2, 0.8, 123048.71647612742]
[2, 30, 34, 30, 0.2, 1.0, 85709.32909323374]
[3, 30, 34, 20, 0.05, 0.4, 566506.4322559851]
[3, 30, 34, 20, 0.05, 0.8, 394006.7719524825]
[3, 30, 34, 20, 0.05, 1.0, 459703.47275458893]
[3, 30, 34, 20, 0.1, 0.4, 468276.20200562506]
[3, 30, 34, 20, 0.1, 0.8, 283033.2234913575]
[3, 30, 34, 20, 0.1, 1.0, 399397.4557566721]
[3, 30, 34, 20, 0.2, 0.4, 387709.679680251]
[3, 30, 34, 20, 0.2, 0.8, 196385.79333545992]
[3, 30, 34, 20, 0.2, 1.0, 369654.59114315803]
[3, 30, 34, 25, 0.05, 0.4, 529025.6358958974]
[3, 30, 34, 25, 0.05, 0.8, 367678.69436922105]
[3, 30, 34, 25, 0.05, 1.0, 434224.9446799633]
[3, 30, 34, 25, 0.1, 0.4, 428349.7423763678]
[3, 30, 34, 25, 0.1, 0.8, 254482.170974452]
[3, 30, 34, 25, 0.1, 1.0, 395113.5434685655]
[3, 30, 34, 25, 0.2, 0.4, 324481.5931684063]
[3, 30, 34, 25, 0.2, 0.8, 173210.27482690234]
[3, 30, 34, 25, 0.2, 1.0, 366917.2699788504]
[3, 30, 34, 30, 0.05, 0.4, 513692.9645555342]
[3, 30, 34, 30, 0.05, 0.8, 348087.6350353062]
[3, 30, 34, 30, 0.05, 1.0, 419584.2636262754]
[3, 30, 34, 30, 0.1, 0.4, 418279.53063368547]
[3, 30, 34, 30, 0.1, 0.8, 233071.8167710396]
[3, 30, 34, 30, 0.1, 1.0, 388955.7648822727]
[3, 30, 34, 30, 0.2, 0.4, 325592.35567323]
[3, 30, 34, 30, 0.2, 0.8, 163626.40707498326]
[3, 30, 34, 30, 0.2, 1.0, 359631.6661534089]
[1, 30, 36, 20, 0.05, 0.4, 283390.1019391878]
[1, 30, 36, 20, 0.05, 0.8, 121286.40989343566]
[1, 30, 36, 20, 0.05, 1.0, 37946.81295950727]
[1, 30, 36, 20, 0.1, 0.4, 165055.30389011925]
[1, 30, 36, 20, 0.1, 0.8, 116343.73514314303]
[1, 30, 36, 20, 0.1, 1.0, 37946.81295950727]
[1, 30, 36, 20, 0.2, 0.4, 74409.55355944006]
[1, 30, 36, 20, 0.2, 0.8, 115560.39510587616]
[1, 30, 36, 20, 0.2, 1.0, 37946.81295950727]
[1, 30, 36, 25, 0.05, 0.4, 216359.56101841625]
[1, 30, 36, 25, 0.05, 0.8, 116368.62459113146]
[1, 30, 36, 25, 0.05, 1.0, 37946.81295950727]
[1, 30, 36, 25, 0.1, 0.4, 118010.16483160171]
[1, 30, 36, 25, 0.1, 0.8, 115627.61987891515]
[1, 30, 36, 25, 0.1, 1.0, 37946.81295950727]
[1, 30, 36, 25, 0.2, 0.4, 68731.1543516767]
[1, 30, 36, 25, 0.2, 0.8, 115573.86940970414]
[1, 30, 36, 25, 0.2, 1.0, 37946.81295950727]
[1, 30, 36, 30, 0.05, 0.4, 175556.30478738365]
[1, 30, 36, 30, 0.05, 0.8, 113045.04617309767]
[1, 30, 36, 30, 0.05, 1.0, 37946.81295950727]
[1, 30, 36, 30, 0.1, 0.4, 94250.87328435935]
[1, 30, 36, 30, 0.1, 0.8, 115581.03449963273]
[1, 30, 36, 30, 0.1, 1.0, 37946.81295950727]
[1, 30, 36, 30, 0.2, 0.4, 69461.92073944118]
[1, 30, 36, 30, 0.2, 0.8, 115582.80969760696]
[1, 30, 36, 30, 0.2, 1.0, 37946.81295950727]
[2, 30, 36, 20, 0.05, 0.4, 616177.1350412999]
[2, 30, 36, 20, 0.05, 0.8, 272205.3493691306]
[2, 30, 36, 20, 0.05, 1.0, 114017.1547687491]
[2, 30, 36, 20, 0.1, 0.4, 492277.93014755857]
[2, 30, 36, 20, 0.1, 0.8, 174695.5264796063]
[2, 30, 36, 20, 0.1, 1.0, 78771.05315028221]
[2, 30, 36, 20, 0.2, 0.4, 447704.36746859446]
[2, 30, 36, 20, 0.2, 0.8, 82471.88199369382]
[2, 30, 36, 20, 0.2, 1.0, 53990.875609272494]
[2, 30, 36, 25, 0.05, 0.4, 533224.3153752846]
[2, 30, 36, 25, 0.05, 0.8, 230010.62587251113]
[2, 30, 36, 25, 0.05, 1.0, 93237.78522669725]
[2, 30, 36, 25, 0.1, 0.4, 404198.5397033546]
[2, 30, 36, 25, 0.1, 0.8, 127121.85078477005]
[2, 30, 36, 25, 0.1, 1.0, 72945.17644512784]
[2, 30, 36, 25, 0.2, 0.4, 331298.606456052]
[2, 30, 36, 25, 0.2, 0.8, 67742.2897856834]
[2, 30, 36, 25, 0.2, 1.0, 55102.60388684332]
[2, 30, 36, 30, 0.05, 0.4, 517271.82110314333]
[2, 30, 36, 30, 0.05, 0.8, 211094.29357096748]
[2, 30, 36, 30, 0.05, 1.0, 78516.762931273]
[2, 30, 36, 30, 0.1, 0.4, 395316.0142594625]
[2, 30, 36, 30, 0.1, 0.8, 125543.3195530307]
[2, 30, 36, 30, 0.1, 1.0, 68140.37229196039]
[2, 30, 36, 30, 0.2, 0.4, 336619.863587189]
[2, 30, 36, 30, 0.2, 0.8, 64573.98439064494]
[2, 30, 36, 30, 0.2, 1.0, 55503.542009009674]
[3, 30, 36, 20, 0.05, 0.4, 569624.1767755293]
[3, 30, 36, 20, 0.05, 0.8, 432961.1075527195]
[3, 30, 36, 20, 0.05, 1.0, 411207.7460728258]
[3, 30, 36, 20, 0.1, 0.4, 498279.2028701573]
[3, 30, 36, 20, 0.1, 0.8, 334740.3565610035]
[3, 30, 36, 20, 0.1, 1.0, 342519.8133504495]
[3, 30, 36, 20, 0.2, 0.4, 373120.8920214647]
[3, 30, 36, 20, 0.2, 0.8, 251167.22721905104]
[3, 30, 36, 20, 0.2, 1.0, 206172.4964275808]
[3, 30, 36, 25, 0.05, 0.4, 537335.6055727974]
[3, 30, 36, 25, 0.05, 0.8, 407530.6794274036]
[3, 30, 36, 25, 0.05, 1.0, 390986.2393345292]
[3, 30, 36, 25, 0.1, 0.4, 463292.25864311296]
[3, 30, 36, 25, 0.1, 0.8, 285977.40393440076]
[3, 30, 36, 25, 0.1, 1.0, 295485.9953726305]
[3, 30, 36, 25, 0.2, 0.4, 364564.50146458705]
[3, 30, 36, 25, 0.2, 0.8, 200888.02020407346]
[3, 30, 36, 25, 0.2, 1.0, 161942.9988172498]
[3, 30, 36, 30, 0.05, 0.4, 517980.63231109484]
[3, 30, 36, 30, 0.05, 0.8, 382458.08847454033]
[3, 30, 36, 30, 0.05, 1.0, 372247.47170822957]
[3, 30, 36, 30, 0.1, 0.4, 436153.1733772205]
[3, 30, 36, 30, 0.1, 0.8, 272241.7663969412]
[3, 30, 36, 30, 0.1, 1.0, 264810.13786651386]
[3, 30, 36, 30, 0.2, 0.4, 290817.50994979247]
[3, 30, 36, 30, 0.2, 0.8, 166945.41235513767]
[3, 30, 36, 30, 0.2, 1.0, 123016.11084048421]